function [out] = seismicColormap()

out =  [0         0    0.9020
    0.0282    0.0282    0.9020
    0.0564    0.0564    0.9020
    0.0846    0.0846    0.9020
    0.1127    0.1127    0.9020
    0.1409    0.1409    0.9020
    0.1691    0.1691    0.9020
    0.1973    0.1973    0.9020
    0.2255    0.2255    0.9020
    0.2537    0.2537    0.9020
    0.2819    0.2819    0.9020
    0.3100    0.3100    0.9020
    0.3382    0.3382    0.9020
    0.3664    0.3664    0.9020
    0.3946    0.3946    0.9020
    0.4228    0.4228    0.9020
    0.4510    0.4510    0.9020
    0.4792    0.4792    0.9020
    0.5074    0.5074    0.9020
    0.5355    0.5355    0.9020
    0.5637    0.5637    0.9020
    0.5919    0.5919    0.9020
    0.6201    0.6201    0.9020
    0.6483    0.6483    0.9020
    0.6765    0.6765    0.9020
    0.7047    0.7047    0.9020
    0.7328    0.7328    0.9020
    0.7610    0.7610    0.9020
    0.7892    0.7892    0.9020
    0.8174    0.8174    0.9020
    0.8456    0.8456    0.9020
    0.8738    0.8738    0.9020
    0.9020    0.9020    0.9020
    0.9020    0.8729    0.8729
    0.9020    0.8438    0.8438
    0.9020    0.8147    0.8147
    0.9020    0.7856    0.7856
    0.9020    0.7565    0.7565
    0.9020    0.7274    0.7274
    0.9020    0.6983    0.6983
    0.9020    0.6692    0.6692
    0.9020    0.6401    0.6401
    0.9020    0.6110    0.6110
    0.9020    0.5819    0.5819
    0.9020    0.5528    0.5528
    0.9020    0.5237    0.5237
    0.9020    0.4946    0.4946
    0.9020    0.4655    0.4655
    0.9020    0.4364    0.4364
    0.9020    0.4073    0.4073
    0.9020    0.3782    0.3782
    0.9020    0.3491    0.3491
    0.9020    0.3201    0.3201
    0.9020    0.2910    0.2910
    0.9020    0.2619    0.2619
    0.9020    0.2328    0.2328
    0.9020    0.2037    0.2037
    0.9020    0.1746    0.1746
    0.9020    0.1455    0.1455
    0.9020    0.1164    0.1164
    0.9020    0.0873    0.0873
    0.9020    0.0582    0.0582
    0.9020    0.0291    0.0291
    0.9020         0         0];


end

